wave_peak	wave_base	wave_top	note
480.28797	480.28771	480.31106	Fe1
489.14921	489.13151	489.21500	Fe1
490.33099	490.28379	490.36648	Fe1
492.39212	492.34265	492.41965	Fe2
492.47695	492.44635	492.50845	Fe1
493.88138	493.85612	493.90522	Fe1
496.25716	496.24108	496.27978	Fe1
496.60884	496.59417	496.64637	Fe1
499.41295	499.39082	499.44222	Fe1
500.18633	500.16141	500.22491	Fe1
501.49424	501.45238	501.51788	Fe1
501.84356	501.79138	501.90608	Fe2
504.42108	504.39253	504.44903	Fe1
504.98197	504.94632	505.02582	Fe1
506.87657	506.84539	506.89949	Fe1
508.33382	508.31356	508.36066	Fe1
512.73592	512.71008	512.75478	Fe1
514.17389	514.14506	514.19816	Fe1
515.08392	515.06374	515.10994	Fe1
515.19108	515.16534	515.20834	Fe1
519.49414	519.46426	519.52146	Fe1
521.62739	521.59972	521.64062	Fe1
521.73893	521.69512	521.76662	Fe1
523.29400	523.25859	523.35849	Fe1
523.46226	523.43169	523.48819	Fe2
523.53867	523.52809	523.57789	Fe1
524.24907	524.22537	524.27787	Fe1
525.34617	525.31806	525.37945	Fe1
526.33062	526.30094	526.36144	Fe1
528.17897	528.14580	528.22320	Fe1
528.85247	528.82659	528.86949	Fe1
536.48709	536.45225	536.51965	Fe1
536.74659	536.70495	536.79245	Fe1
536.99612	536.97375	537.02394	Fe1
537.95736	537.93603	537.98563	Fe1
538.33685	538.28562	538.39742	Fe1
538.63331	538.61062	538.65962	Fe1
538.94788	538.92741	538.97301	Fe1
539.31672	539.28170	539.37880	Fe1
539.71279	539.66630	539.75000	Fe1
540.57746	540.54978	540.62278	Fe1
541.09097	541.05957	541.11007	Fe1
541.51989	541.46516	541.56836	Fe1
543.45235	543.39243	543.49243	Fe1
544.50420	544.47471	544.54021	Fe1
546.63958	546.61097	546.66847	Fe1
546.69871	546.67557	546.71507	Fe1
550.67787	550.65690	550.72840	Fe1
552.24461	552.22967	552.26627	Fe1
554.39356	554.36623	554.43073	Fe1
556.02115	556.00220	556.05240	Fe1
556.96180	556.92179	556.99909	Fe1
557.28423	557.22728	557.30108	Fe1
557.60888	557.57398	557.65967	Fe1
558.67555	558.63506	558.73695	Fe1
561.56438	561.54300	561.66260	Fe1
561.86323	561.83620	561.88680	Fe1
563.82621	563.80086	563.85716	Fe1
567.90229	567.87469	567.93119	Fe1
570.54642	570.51404	570.56824	Fe1
574.18477	574.15858	574.20778	Fe1
577.50805	577.47892	577.53712	Fe1
585.50758	585.48467	585.53997	Fe1
585.95863	585.93817	585.98656	Fe1
588.38165	588.35352	588.40082	Fe1
590.56712	590.53578	590.60098	Fe1
593.01799	592.99094	593.05064	Fe1
600.30111	600.27201	600.33591	Fe1
602.40575	602.37207	602.44707	Fe1
602.70508	602.67436	602.73276	Fe1
605.60046	605.57471	605.62251	Fe1
606.54821	606.51820	606.60869	Fe1
607.84910	607.82087	607.87517	Fe1
607.90077	607.87517	607.93727	Fe1
608.41017	608.39346	608.43576	Fe2
609.66641	609.64064	609.68994	Fe1
612.79062	612.76998	612.83918	Fe1
613.66149	613.60367	613.68287	Fe1
616.53598	616.51622	616.55761	Fe1
617.33343	617.30650	617.35770	Fe1
618.02026	618.00299	618.05369	Fe1
618.79892	618.75888	618.82557	Fe1
620.03125	620.00175	620.06065	Fe1
621.34294	621.31123	621.36923	Fe1
621.92805	621.89362	621.95952	Fe1
622.92259	622.90110	622.95400	Fe1
623.07222	623.02720	623.12470	Fe1
623.26403	623.23029	623.29519	Fe1
623.83859	623.80448	623.86498	Fe2
624.63180	624.59897	624.66287	Fe1
625.25549	625.21576	625.30296	Fe1
625.42577	625.39796	625.46125	Fe1
633.53299	633.50291	633.57051	Fe1
633.68234	633.64871	633.72321	Fe1
638.07432	638.04613	638.10643	Fe1
639.36004	639.32541	639.40620	Fe1
640.00003	639.94799	640.01969	Fe1
640.80174	640.75928	640.83038	Fe1
641.16480	641.12687	641.23497	Fe1
642.13499	642.10086	642.17935	Fe1
643.08450	643.06044	643.12154	Fe1
649.49804	649.47102	649.54622	Fe1
659.38695	659.34885	659.42214	Fe1
659.75592	659.72804	659.77974	Fe1
660.91097	660.88232	660.94172	Fe1
