wave_peak	wave_base	wave_top	note
480.28797	480.28771	480.31106	Fe1
487.21375	487.19944	487.25984	Fe1
489.14921	489.12141	489.215	Fe1
489.38126	489.36463	489.4016	Fe2
490.33099	490.28379	490.36648	Fe1
492.05023	491.99775	492.08715	Fe1
492.39212	492.34265	492.41965	Fe2
492.47695	492.44635	492.50845	Fe1
493.88138	493.85612	493.90522	Fe1
493.96866	493.94272	493.98892	Fe1
496.25716	496.24108	496.27978	Fe1
496.60884	496.59417	496.64637	Fe1
498.52528	498.50104	498.54004	Fe1
498.55467	498.54004	498.58564	Fe1
499.33502	499.31682	499.35222	Fe2
499.41295	499.39082	499.44222	Fe1
500.18633	500.16141	500.22491	Fe1
501.49424	501.45238	501.51788	Fe1
501.84356	501.79138	501.90608	Fe2
502.8126	502.79486	502.83146	Fe1
504.42108	504.39253	504.44903	Fe1
504.98197	504.94632	505.02582	Fe1
506.87657	506.84539	506.89949	Fe1
507.97397	507.94607	507.98517	Fe1
508.33382	508.31356	508.36066	Fe1
512.73592	512.71008	512.75478	Fe1
513.26613	513.25417	513.28267	Fe2
514.17389	514.14506	514.19816	Fe1
515.08392	515.06374	515.10994	Fe1
515.19108	515.16534	515.20834	Fe1
519.49414	519.46426	519.52146	Fe1
519.75675	519.73236	519.77775	Fe2
519.87108	519.84585	519.89975	Fe1
521.51803	521.48712	521.54172	Fe1
521.62739	521.59972	521.64062	Fe1
521.73893	521.69512	521.76662	Fe1
522.55261	522.53161	522.5686	Fe1
523.294	523.25859	523.35849	Fe1
523.46226	523.43169	523.48819	Fe2
523.53867	523.52809	523.57789	Fe1
524.24907	524.22537	524.27787	Fe1
525.06456	525.03916	525.08466	Fe1
525.34617	525.31806	525.37945	Fe1
525.69319	525.67945	525.72125	Fe2
526.33062	526.30094	526.36144	Fe1
526.48024	526.46013	526.49833	Fe2
526.9537	526.90393	526.99862	Fe1
528.17897	528.1458	528.2232	Fe1
528.4103	528.3962	528.4302	Fe2
528.85247	528.82659	528.86949	Fe1
536.28613	536.24926	536.31696	Fe2
536.48709	536.45225	536.51965	Fe1
536.53987	536.51965	536.58375	Fe1
536.74659	536.70495	536.79245	Fe1
536.99612	536.97375	537.02394	Fe1
537.95736	537.93603	537.98563	Fe1
538.33685	538.28562	538.39742	Fe1
538.63331	538.61062	538.65962	Fe1
538.94788	538.92741	538.97301	Fe1
539.31672	539.2817	539.3788	Fe1
539.71279	539.6663	539.75	Fe1
540.57746	540.54978	540.62278	Fe1
541.09097	541.05957	541.11007	Fe1
541.40698	541.38977	541.43377	Fe2
541.51989	541.46516	541.56836	Fe1
542.52485	542.50275	542.55195	Fe2
543.45235	543.39243	543.49243	Fe1
544.5042	544.47471	544.54021	Fe1
546.63958	546.61097	546.66847	Fe1
546.69871	546.67557	546.71507	Fe1
550.14649	550.10991	550.18191	Fe1
550.67787	550.6569	550.7284	Fe1
552.24461	552.22967	552.26627	Fe1
553.4838	553.47025	553.50625	Fe2
554.39356	554.36623	554.43073	Fe1
556.02115	556.0022	556.0524	Fe1
556.9618	556.92179	556.99909	Fe1
557.28423	557.22728	557.30108	Fe1
557.60888	557.57398	557.65967	Fe1
558.67555	558.63506	558.73695	Fe1
561.56438	561.543	561.6626	Fe1
561.86323	561.8362	561.8868	Fe1
563.82621	563.80086	563.85716	Fe1
566.25161	566.23062	566.27482	Fe1
567.90229	567.87469	567.93119	Fe1
570.15442	570.13345	570.17845	Fe1
570.54642	570.51404	570.56824	Fe1
574.18477	574.15858	574.20778	Fe1
577.50805	577.47892	577.53712	Fe1
585.50758	585.48467	585.53997	Fe1
585.95863	585.93817	585.98656	Fe1
588.38165	588.35352	588.40082	Fe1
590.56712	590.53578	590.60098	Fe1
593.01799	592.99094	593.05064	Fe1
597.67767	597.65895	597.70435	Fe1
599.13709	599.11363	599.15473	Fe2
600.30111	600.27201	600.33591	Fe1
602.40575	602.37207	602.44707	Fe1
602.70508	602.67436	602.73276	Fe1
605.60046	605.57471	605.62251	Fe1
606.54821	606.5182	606.60869	Fe1
607.8491	607.82087	607.87517	Fe1
607.90077	607.87517	607.93727	Fe1
608.41017	608.39346	608.43576	Fe2
609.66641	609.64064	609.68994	Fe1
612.79062	612.76998	612.83918	Fe1
613.66149	613.60367	613.68287	Fe1
614.92459	614.90724	614.94974	Fe2
616.53598	616.51622	616.55761	Fe1
617.33343	617.3065	617.3577	Fe1
618.02026	618.00299	618.05369	Fe1
618.79892	618.75888	618.82557	Fe1
619.15575	619.13497	619.19467	Fe1
620.03125	620.00175	620.06065	Fe1
621.34294	621.31123	621.36923	Fe1
621.92805	621.89362	621.95952	Fe1
622.92259	622.9011	622.954	Fe1
623.07222	623.0272	623.1247	Fe1
623.26403	623.23029	623.29519	Fe1
623.83859	623.80448	623.86498	Fe2
624.06462	624.04598	624.09018	Fe1
624.6318	624.59897	624.66287	Fe1
624.75569	624.71077	624.78257	Fe2
625.25549	625.21576	625.30296	Fe1
625.42577	625.39796	625.46125	Fe1
632.2685	632.24233	632.30033	Fe1
633.53299	633.50291	633.57051	Fe1
633.68234	633.64871	633.72321	Fe1
638.07432	638.04613	638.10643	Fe1
639.36004	639.32541	639.4062	Fe1
640.00003	639.94799	640.01969	Fe1
640.80174	640.75928	640.83038	Fe1
641.1648	641.12687	641.23497	Fe1
641.6919	641.66696	641.72916	Fe2
642.13499	642.10086	642.17935	Fe1
643.0845	643.06044	643.12154	Fe1
643.26757	643.23974	643.28853	Fe2
649.49804	649.47102	649.54622	Fe1
651.60766	651.57359	651.63578	Fe2
659.38695	659.34885	659.42214	Fe1
659.75592	659.72804	659.77974	Fe1
660.91097	660.88232	660.94172	Fe1
